2.595455068869290463e-02
4.547237283550740333e-02
5.084784866781957846e-02
5.483908177243754234e-02
5.843811284139200507e-02
5.966086053127359068e-02
6.263698236371134653e-02
6.683585189075766375e-02
6.655900333786192447e-02
7.068866074991096704e-02
6.988118582426958159e-02
7.461068174314135215e-02
7.248817623892324369e-02
7.797900566693503899e-02
7.754066214988163119e-02
8.167031955789125219e-02
7.899411698604127952e-02
7.470296458714505150e-02
8.070134962632287412e-02
8.074749106078676908e-02
8.326219861751361917e-02
8.686122967254497618e-02
8.748413890321742048e-02
9.048333143638566389e-02
9.069096781996682788e-02
9.200599839450414319e-02
9.059868495396118659e-02
9.401315032614186717e-02
9.675856499141689826e-02
9.844272696758062102e-02
1.008882224301948655e-01
1.026415964777817047e-01
1.085476986868789406e-01
1.122390125609899064e-01
1.139001037917316966e-01
1.169223670784007157e-01
1.198062059949846769e-01
1.235667320460593355e-01
1.294728341833064622e-01
1.317799054173012796e-01
